27-SEP-2007     0    0   0   0   0   0   0   0   0   0   0   0   0   0   0   0   0   0   0   0   0   0   0   0   0
26-SEP-2007     0    0   0   0   0   0   0   0   0   0   0   0   0   0   0   0   0   0   0   0   0   0   0   0   0
25-SEP-2007     1    0   0   0   0   0   0   0   0   1   0   0   0   0   0   0   0   0   0   0   0   0   0   0   0
24-SEP-2007     0    0   0   0   0   0   0   0   0   0   0   0   0   0   0   0   0   0   0   0   0   0   0   0   0
23-SEP-2007     0    0   0   0   0   0   0   0   0   0   0   0   0   0   0   0   0   0   0   0   0   0   0   0   0
22-SEP-2007     0    0   0   0   0   0   0   0   0   0   0   0   0   0   0   0   0   0   0   0   0   0   0   0   0
21-SEP-2007     0    0   0   0   0   0   0   0   0   0   0   0   0   0   0   0   0   0   0   0   0   0   0   0   0
20-SEP-2007     0    0   0   0   0   0   0   0   0   0   0   0   0   0   0   0   0   0   0   0   0   0   0   0   0
19-SEP-2007     0    0   0   0   0   0   0   0   0   0   0   0   0   0   0   0   0   0   0   0   0   0   0   0   0
18-SEP-2007     0    0   0   0   0   0   0   0   0   0   0   0   0   0   0   0   0   0   0   0   0   0   0   0   0
17-SEP-2007     0    0   0   0   0   0   0   0   0   0   0   0   0   0   0   0   0   0   0   0   0   0   0   0   0
16-SEP-2007     1    0   0   0   0   0   0   0   0   0   0   0   0   0   0   0   0   0   0   0   0   0   1   0   0
15-SEP-2007     0    0   0   0   0   0   0   0   0   0   0   0   0   0   0   0   0   0   0   0   0   0   0   0   0
14-SEP-2007     0    0   0   0   0   0   0   0   0   0   0   0   0   0   0   0   0   0   0   0   0   0   0   0   0
13-SEP-2007     0    0   0   0   0   0   0   0   0   0   0   0   0   0   0   0   0   0   0   0   0   0   0   0   0
12-SEP-2007     0    0   0   0   0   0   0   0   0   0   0   0   0   0   0   0   0   0   0   0   0   0   0   0   0
11-SEP-2007     0    0   0   0   0   0   0   0   0   0   0   0   0   0   0   0   0   0   0   0   0   0   0   0   0
10-SEP-2007     0    0   0   0   0   0   0   0   0   0   0   0   0   0   0   0   0   0   0   0   0   0   0   0   0
09-SEP-2007     0    0   0   0   0   0   0   0   0   0   0   0   0   0   0   0   0   0   0   0   0   0   0   0   0
08-SEP-2007     0    0   0   0   0   0   0   0   0   0   0   0   0   0   0   0   0   0   0   0   0   0   0   0   0
07-SEP-2007     0    0   0   0   0   0   0   0   0   0   0   0   0   0   0   0   0   0   0   0   0   0   0   0   0
06-SEP-2007     0    0   0   0   0   0   0   0   0   0   0   0   0   0   0   0   0   0   0   0   0   0   0   0   0
05-SEP-2007     0    0   0   0   0   0   0   0   0   0   0   0   0   0   0   0   0   0   0   0   0   0   0   0   0
04-SEP-2007    12    1   0   4   7   0   0   0   0   0   0   0   0   0   0   0   0   0   0   0   0   0   0   0   0
03-SEP-2007     0    0   0   0   0   0   0   0   0   0   0   0   0   0   0   0   0   0   0   0   0   0   0   0   0
02-SEP-2007     0    0   0   0   0   0   0   0   0   0   0   0   0   0   0   0   0   0   0   0   0   0   0   0   0
01-SEP-2007     0    0   0   0   0   0   0   0   0   0   0   0   0   0   0   0   0   0   0   0   0   0   0   0   0
31-AUG-2007     0    0   0   0   0   0   0   0   0   0   0   0   0   0   0   0   0   0   0   0   0   0   0   0   0
30-AUG-2007     0    0   0   0   0   0   0   0   0   0   0   0   0   0   0   0   0   0   0   0   0   0   0   0   0
29-AUG-2007     0    0   0   0   0   0   0   0   0   0   0   0   0   0   0   0   0   0   0   0   0   0   0   0   0
28-AUG-2007     0    0   0   0   0   0   0   0   0   0   0   0   0   0   0   0   0   0   0   0   0   0   0   0   0
27-AUG-2007     0    0   0   0   0   0   0   0   0   0   0   0   0   0   0   0   0   0   0   0   0   0   0   0   0
26-AUG-2007     0    0   0   0   0   0   0   0   0   0   0   0   0   0   0   0   0   0   0   0   0   0   0   0   0
25-AUG-2007     0    0   0   0   0   0   0   0   0   0   0   0   0   0   0   0   0   0   0   0   0   0   0   0   0
24-AUG-2007     0    0   0   0   0   0   0   0   0   0   0   0   0   0   0   0   0   0   0   0   0   0   0   0   0
23-AUG-2007     0    0   0   0   0   0   0   0   0   0   0   0   0   0   0   0   0   0   0   0   0   0   0   0   0
22-AUG-2007     0    0   0   0   0   0   0   0   0   0   0   0   0   0   0   0   0   0   0   0   0   0   0   0   0
21-AUG-2007     1    0   0   0   0   0   0   0   0   0   0   0   1   0   0   0   0   0   0   0   0   0   0   0   0
20-AUG-2007     7    0   0   0   0   0   2   1   2   1   0   0   0   1   0   0   0   0   0   0   0   0   0   0   0
19-AUG-2007    35    4   5  12  11   2   1   0   0   0   0   0   0   0   0   0   0   0   0   0   0   0   0   0   0
18-AUG-2007     1    0   0   0   0   0   0   0   0   0   0   0   0   0   0   0   0   0   0   0   0   0   0   0   1
17-AUG-2007     0    0   0   0   0   0   0   0   0   0   0   0   0   0   0   0   0   0   0   0   0   0   0   0   0
16-AUG-2007     0    0   0   0   0   0   0   0   0   0   0   0   0   0   0   0   0   0   0   0   0   0   0   0   0
15-AUG-2007     0    0   0   0   0   0   0   0   0   0   0   0   0   0   0   0   0   0   0   0   0   0   0   0   0
14-AUG-2007     0    0   0   0   0   0   0   0   0   0   0   0   0   0   0   0   0   0   0   0   0   0   0   0   0
13-AUG-2007     0    0   0   0   0   0   0   0   0   0   0   0   0   0   0   0   0   0   0   0   0   0   0   0   0
12-AUG-2007     0    0   0   0   0   0   0   0   0   0   0   0   0   0   0   0   0   0   0   0   0   0   0   0   0
11-AUG-2007     0    0   0   0   0   0   0   0   0   0   0   0   0   0   0   0   0   0   0   0   0   0   0   0   0
10-AUG-2007     0    0   0   0   0   0   0   0   0   0   0   0   0   0   0   0   0   0   0   0   0   0   0   0   0
09-AUG-2007     0    0   0   0   0   0   0   0   0   0   0   0   0   0   0   0   0   0   0   0   0   0   0   0   0
08-AUG-2007     0    0   0   0   0   0   0   0   0   0   0   0   0   0   0   0   0   0   0   0   0   0   0   0   0
07-AUG-2007     0    0   0   0   0   0   0   0   0   0   0   0   0   0   0   0   0   0   0   0   0   0   0   0   0
06-AUG-2007     0    0   0   0   0   0   0   0   0   0   0   0   0   0   0   0   0   0   0   0   0   0   0   0   0
05-AUG-2007     0    0   0   0   0   0   0   0   0   0   0   0   0   0   0   0   0   0   0   0   0   0   0   0   0
04-AUG-2007     0    0   0   0   0   0   0   0   0   0   0   0   0   0   0   0   0   0   0   0   0   0   0   0   0
03-AUG-2007     0    0   0   0   0   0   0   0   0   0   0   0   0   0   0   0   0   0   0   0   0   0   0   0   0
02-AUG-2007     0    0   0   0   0   0   0   0   0   0   0   0   0   0   0   0   0   0   0   0   0   0   0   0   0
01-AUG-2007     0    0   0   0   0   0   0   0   0   0   0   0   0   0   0   0   0   0   0   0   0   0   0   0   0
31-JUL-2007     0    0   0   0   0   0   0   0   0   0   0   0   0   0   0   0   0   0   0   0   0   0   0   0   0
30-JUL-2007     0    0   0   0   0   0   0   0   0   0   0   0   0   0   0   0   0   0   0   0   0   0   0   0   0
29-JUL-2007     0    0   0   0   0   0   0   0   0   0   0   0   0   0   0   0   0   0   0   0   0   0   0   0   0
28-JUL-2007     0    0   0   0   0   0   0   0   0   0   0   0   0   0   0   0   0   0   0   0   0   0   0   0   0
27-JUL-2007     0    0   0   0   0   0   0   0   0   0   0   0   0   0   0   0   0   0   0   0   0   0   0   0   0
26-JUL-2007     0    0   0   0   0   0   0   0   0   0   0   0   0   0   0   0   0   0   0   0   0   0   0   0   0
25-JUL-2007     0    0   0   0   0   0   0   0   0   0   0   0   0   0   0   0   0   0   0   0   0   0   0   0   0
24-JUL-2007     1    0   0   0   0   0   0   0   0   0   0   0   1   0   0   0   0   0   0   0   0   0   0   0   0
23-JUL-2007     3    0   0   0   0   0   0   0   0   0   0   0   0   0   0   0   0   3   0   0   0   0   0   0   0
22-JUL-2007     0    0   0   0   0   0   0   0   0   0   0   0   0   0   0   0   0   0   0   0   0   0   0   0   0
21-JUL-2007     1    0   0   0   0   0   0   0   0   0   0   1   0   0   0   0   0   0   0   0   0   0   0   0   0
20-JUL-2007     0    0   0   0   0   0   0   0   0   0   0   0   0   0   0   0   0   0   0   0   0   0   0   0   0
19-JUL-2007     0    0   0   0   0   0   0   0   0   0   0   0   0   0   0   0   0   0   0   0   0   0   0   0   0
18-JUL-2007    24    0   0   1   0   1   0  17   2   1   1   1   0   0   0   0   0   0   0   0   0   0   0   0   0
17-JUL-2007    15    0   0   5   2   4   1   0   1   1   0   1   0   0   0   0   0   0   0   0   0   0   0   0   0
16-JUL-2007     0    0   0   0   0   0   0   0   0   0   0   0   0   0   0   0   0   0   0   0   0   0   0   0   0
15-JUL-2007     0    0   0   0   0   0   0   0   0   0   0   0   0   0   0   0   0   0   0   0   0   0   0   0   0
14-JUL-2007     0    0   0   0   0   0   0   0   0   0   0   0   0   0   0   0   0   0   0   0   0   0   0   0   0
13-JUL-2007     0    0   0   0   0   0   0   0   0   0   0   0   0   0   0   0   0   0   0   0   0   0   0   0   0
12-JUL-2007     8    0   0   0   0   0   0   0   0   0   0   0   0   0   0   0   0   0   0   0   0   5   3   0   0
11-JUL-2007     0    0   0   0   0   0   0   0   0   0   0   0   0   0   0   0   0   0   0   0   0   0   0   0   0
10-JUL-2007     0    0   0   0   0   0   0   0   0   0   0   0   0   0   0   0   0   0   0   0   0   0   0   0   0
09-JUL-2007     0    0   0   0   0   0   0   0   0   0   0   0   0   0   0   0   0   0   0   0   0   0   0   0   0
08-JUL-2007     0    0   0   0   0   0   0   0   0   0   0   0   0   0   0   0   0   0   0   0   0   0   0   0   0
07-JUL-2007     0    0   0   0   0   0   0   0   0   0   0   0   0   0   0   0   0   0   0   0   0   0   0   0   0
06-JUL-2007     0    0   0   0   0   0   0   0   0   0   0   0   0   0   0   0   0   0   0   0   0   0   0   0   0
05-JUL-2007     0    0   0   0   0   0   0   0   0   0   0   0   0   0   0   0   0   0   0   0   0   0   0   0   0
04-JUL-2007     0    0   0   0   0   0   0   0   0   0   0   0   0   0   0   0   0   0   0   0   0   0   0   0   0
03-JUL-2007     0    0   0   0   0   0   0   0   0   0   0   0   0   0   0   0   0   0   0   0   0   0   0   0   0
02-JUL-2007     0    0   0   0   0   0   0   0   0   0   0   0   0   0   0   0   0   0   0   0   0   0   0   0   0
01-JUL-2007     0    0   0   0   0   0   0   0   0   0   0   0   0   0   0   0   0   0   0   0   0   0   0   0   0
30-JUN-2007     0    0   0   0   0   0   0   0   0   0   0   0   0   0   0   0   0   0   0   0   0   0   0   0   0
29-JUN-2007     1    0   0   0   0   0   0   0   0   0   0   1   0   0   0   0   0   0   0   0   0   0   0   0   0
28-JUN-2007     9    0   0   0   0   0   0   0   0   1   0   1   0   1   1   2   0   1   1   1   0   0   0   0   0
27-JUN-2007     0    0   0   0   0   0   0   0   0   0   0   0   0   0   0   0   0   0   0   0   0   0   0   0   0
26-JUN-2007     0    0   0   0   0   0   0   0   0   0   0   0   0   0   0   0   0   0   0   0   0   0   0   0   0
25-JUN-2007     0    0   0   0   0   0   0   0   0   0   0   0   0   0   0   0   0   0   0   0   0   0   0   0   0
24-JUN-2007     8    0   0   0   0   0   0   0   0   0   0   0   7   0   1   0   0   0   0   0   0   0   0   0   0
23-JUN-2007     0    0   0   0   0   0   0   0   0   0   0   0   0   0   0   0   0   0   0   0   0   0   0   0   0
22-JUN-2007     0    0   0   0   0   0   0   0   0   0   0   0   0   0   0   0   0   0   0   0   0   0   0   0   0
21-JUN-2007     0    0   0   0   0   0   0   0   0   0   0   0   0   0   0   0   0   0   0   0   0   0   0   0   0
20-JUN-2007     0    0   0   0   0   0   0   0   0   0   0   0   0   0   0   0   0   0   0   0   0   0   0   0   0
19-JUN-2007     0    0   0   0   0   0   0   0   0   0   0   0   0   0   0   0   0   0   0   0   0   0   0   0   0
18-JUN-2007     0    0   0   0   0   0   0   0   0   0   0   0   0   0   0   0   0   0   0   0   0   0   0   0   0
17-JUN-2007     0    0   0   0   0   0   0   0   0   0   0   0   0   0   0   0   0   0   0   0   0   0   0   0   0
16-JUN-2007     5    0   0   0   0   0   0   0   0   0   0   0   1   3   1   0   0   0   0   0   0   0   0   0   0
15-JUN-2007     1    0   0   0   0   0   0   0   1   0   0   0   0   0   0   0   0   0   0   0   0   0   0   0   0
14-JUN-2007     0    0   0   0   0   0   0   0   0   0   0   0   0   0   0   0   0   0   0   0   0   0   0   0   0
13-JUN-2007     0    0   0   0   0   0   0   0   0   0   0   0   0   0   0   0   0   0   0   0   0   0   0   0   0
12-JUN-2007     0    0   0   0   0   0   0   0   0   0   0   0   0   0   0   0   0   0   0   0   0   0   0   0   0
11-JUN-2007     0    0   0   0   0   0   0   0   0   0   0   0   0   0   0   0   0   0   0   0   0   0   0   0   0
10-JUN-2007     2    0   0   0   0   0   0   0   0   0   0   0   2   0   0   0   0   0   0   0   0   0   0   0   0
09-JUN-2007    31    0   0   0   0   0   0   0   0   1   2   1   4   9   7   5   2   0   0   0   0   0   0   0   0
08-JUN-2007     0    0   0   0   0   0   0   0   0   0   0   0   0   0   0   0   0   0   0   0   0   0   0   0   0
07-JUN-2007     4    0   0   0   2   0   1   1   0   0   0   0   0   0   0   0   0   0   0   0   0   0   0   0   0
06-JUN-2007     1    0   0   0   0   0   0   0   0   0   0   0   0   0   0   1   0   0   0   0   0   0   0   0   0
05-JUN-2007    15    0   0   0   0   0   0   5   0   0   5   0   0   0   0   0   2   3   0   0   0   0   0   0   0
04-JUN-2007     0    0   0   0   0   0   0   0   0   0   0   0   0   0   0   0   0   0   0   0   0   0   0   0   0
03-JUN-2007     0    0   0   0   0   0   0   0   0   0   0   0   0   0   0   0   0   0   0   0   0   0   0   0   0
02-JUN-2007     0    0   0   0   0   0   0   0   0   0   0   0   0   0   0   0   0   0   0   0   0   0   0   0   0
01-JUN-2007     0    0   0   0   0   0   0   0   0   0   0   0   0   0   0   0   0   0   0   0   0   0   0   0   0
31-MAY-2007     0    0   0   0   0   0   0   0   0   0   0   0   0   0   0   0   0   0   0   0   0   0   0   0   0
30-MAY-2007     0    0   0   0   0   0   0   0   0   0   0   0   0   0   0   0   0   0   0   0   0   0   0   0   0
29-MAY-2007     0    0   0   0   0   0   0   0   0   0   0   0   0   0   0   0   0   0   0   0   0   0   0   0   0
28-MAY-2007     0    0   0   0   0   0   0   0   0   0   0   0   0   0   0   0   0   0   0   0   0   0   0   0   0
27-MAY-2007     0    0   0   0   0   0   0   0   0   0   0   0   0   0   0   0   0   0   0   0   0   0   0   0   0
26-MAY-2007     0    0   0   0   0   0   0   0   0   0   0   0   0   0   0   0   0   0   0   0   0   0   0   0   0
25-MAY-2007     0    0   0   0   0   0   0   0   0   0   0   0   0   0   0   0   0   0   0   0   0   0   0   0   0
24-MAY-2007     0    0   0   0   0   0   0   0   0   0   0   0   0   0   0   0   0   0   0   0   0   0   0   0   0
23-MAY-2007     4    0   0   0   0   0   0   0   0   0   0   0   0   0   0   0   0   0   2   2   0   0   0   0   0
22-MAY-2007     0    0   0   0   0   0   0   0   0   0   0   0   0   0   0   0   0   0   0   0   0   0   0   0   0
21-MAY-2007     8    0   1   0   0   0   0   0   0   0   0   0   1   1   4   1   0   0   0   0   0   0   0   0   0
20-MAY-2007    21    0   0   0   0   0   0   0   1   2   1   0   1   0   1   2   2   8   3   0   0   0   0   0   0
19-MAY-2007     0    0   0   0   0   0   0   0   0   0   0   0   0   0   0   0   0   0   0   0   0   0   0   0   0
18-MAY-2007     4    0   0   0   0   0   0   0   0   0   0   0   0   0   0   0   0   0   0   0   0   1   0   3   0
17-MAY-2007     0    0   0   0   0   0   0   0   0   0   0   0   0   0   0   0   0   0   0   0   0   0   0   0   0
16-MAY-2007     0    0   0   0   0   0   0   0   0   0   0   0   0   0   0   0   0   0   0   0   0   0   0   0   0
15-MAY-2007     0    0   0   0   0   0   0   0   0   0   0   0   0   0   0   0   0   0   0   0   0   0   0   0   0
14-MAY-2007     0    0   0   0   0   0   0   0   0   0   0   0   0   0   0   0   0   0   0   0   0   0   0   0   0
13-MAY-2007     1    0   0   0   0   0   0   0   0   0   0   0   0   1   0   0   0   0   0   0   0   0   0   0   0
12-MAY-2007     3    0   0   0   0   0   0   0   0   0   0   0   0   0   0   0   0   0   0   1   1   0   1   0   0
11-MAY-2007     0    0   0   0   0   0   0   0   0   0   0   0   0   0   0   0   0   0   0   0   0   0   0   0   0
10-MAY-2007     0    0   0   0   0   0   0   0   0   0   0   0   0   0   0   0   0   0   0   0   0   0   0   0   0
09-MAY-2007     0    0   0   0   0   0   0   0   0   0   0   0   0   0   0   0   0   0   0   0   0   0   0   0   0
08-MAY-2007     0    0   0   0   0   0   0   0   0   0   0   0   0   0   0   0   0   0   0   0   0   0   0   0   0
07-MAY-2007     0    0   0   0   0   0   0   0   0   0   0   0   0   0   0   0   0   0   0   0   0   0   0   0   0
06-MAY-2007     0    0   0   0   0   0   0   0   0   0   0   0   0   0   0   0   0   0   0   0   0   0   0   0   0
05-MAY-2007     0    0   0   0   0   0   0   0   0   0   0   0   0   0   0   0   0   0   0   0   0   0   0   0   0
04-MAY-2007     5    1   0   0   0   0   0   0   0   0   0   0   2   0   1   1   0   0   0   0   0   0   0   0   0
03-MAY-2007    18    0   1   0   0   1   1   0   0   0   0   0   0   0   0   0   0   0  12   3   0   0   0   0   0
02-MAY-2007    49   13   0   1   0   1   0   0   0   0   0  12   4   0  12   0   1   2   2   0   0   1   0   0   0
01-MAY-2007    12    0   0   0   0   0   0   0   0   0   0   0   0   0   0   0   0   0   0   0   0   0   7   1   4
30-APR-2007     0    0   0   0   0   0   0   0   0   0   0   0   0   0   0   0   0   0   0   0   0   0   0   0   0
29-APR-2007     0    0   0   0   0   0   0   0   0   0   0   0   0   0   0   0   0   0   0   0   0   0   0   0   0
28-APR-2007     0    0   0   0   0   0   0   0   0   0   0   0   0   0   0   0   0   0   0   0   0   0   0   0   0
27-APR-2007     0    0   0   0   0   0   0   0   0   0   0   0   0   0   0   0   0   0   0   0   0   0   0   0   0
26-APR-2007     0    0   0   0   0   0   0   0   0   0   0   0   0   0   0   0   0   0   0   0   0   0   0   0   0
25-APR-2007     0    0   0   0   0   0   0   0   0   0   0   0   0   0   0   0   0   0   0   0   0   0   0   0   0
24-APR-2007     0    0   0   0   0   0   0   0   0   0   0   0   0   0   0   0   0   0   0   0   0   0   0   0   0
23-APR-2007     0    0   0   0   0   0   0   0   0   0   0   0   0   0   0   0   0   0   0   0   0   0   0   0   0
22-APR-2007     1    0   0   0   0   0   0   0   0   0   0   0   0   1   0   0   0   0   0   0   0   0   0   0   0
21-APR-2007    30    0   0   0   0   0   0   0   0   0   0   0   0   6   8   6   3   6   0   0   1   0   0   0   0
20-APR-2007     0    0   0   0   0   0   0   0   0   0   0   0   0   0   0   0   0   0   0   0   0   0   0   0   0
19-APR-2007     0    0   0   0   0   0   0   0   0   0   0   0   0   0   0   0   0   0   0   0   0   0   0   0   0
18-APR-2007    27    0   0   1   0   0   0   0   0   0   0   0   0   4   5   1   0   7   8   0   1   0   0   0   0
17-APR-2007    39    0   0   2   3   1   0   0   0   0   0   0   0  11   0   0  15   4   2   1   0   0   0   0   0
16-APR-2007    10    0   0   0   0   0   0   0   0   3   2   0   0   1   0   0   0   1   2   1   0   0   0   0   0
15-APR-2007     0    0   0   0   0   0   0   0   0   0   0   0   0   0   0   0   0   0   0   0   0   0   0   0   0
14-APR-2007    10    0   2   1   0   0   0   7   0   0   0   0   0   0   0   0   0   0   0   0   0   0   0   0   0
13-APR-2007     2    0   0   0   0   0   0   0   0   0   0   0   0   0   0   0   0   0   0   0   0   0   0   0   2
12-APR-2007     3    0   0   0   0   0   0   0   2   0   0   0   0   0   0   0   0   1   0   0   0   0   0   0   0
11-APR-2007    11    0   0   0   0   0   0   0   0   0   0   0   0   0   3   0   1   2   5   0   0   0   0   0   0
10-APR-2007     2    0   0   0   1   0   0   0   0   0   0   0   0   0   0   0   1   0   0   0   0   0   0   0   0
09-APR-2007    15    0   0   0   0   0   0   0   1   1   4   3   0   1   0   0   0   5   0   0   0   0   0   0   0
08-APR-2007    31    0   0   0   0   0   0   0   0   0   0   0   0   0   0   1   5   0   6  10   7   1   0   0   1
07-APR-2007    58    0   2  11   7  11   4   5   1   1   4   8   0   3   1   0   0   0   0   0   0   0   0   0   0
06-APR-2007     0    0   0   0   0   0   0   0   0   0   0   0   0   0   0   0   0   0   0   0   0   0   0   0   0
05-APR-2007     0    0   0   0   0   0   0   0   0   0   0   0   0   0   0   0   0   0   0   0   0   0   0   0   0
04-APR-2007     0    0   0   0   0   0   0   0   0   0   0   0   0   0   0   0   0   0   0   0   0   0   0   0   0
03-APR-2007     0    0   0   0   0   0   0   0   0   0   0   0   0   0   0   0   0   0   0   0   0   0   0   0   0
02-APR-2007     0    0   0   0   0   0   0   0   0   0   0   0   0   0   0   0   0   0   0   0   0   0   0   0   0
01-APR-2007     0    0   0   0   0   0   0   0   0   0   0   0   0   0   0   0   0   0   0   0   0   0   0   0   0
31-MAR-2007    18    0   0   0   0   0   0   0   0   0   0   0   0  14   2   2   0   0   0   0   0   0   0   0   0
30-MAR-2007     6    0   0   0   0   0   0   0   0   0   0   0   0   0   0   0   0   0   0   0   0   2   2   1   1
29-MAR-2007     0    0   0   0   0   0   0   0   0   0   0   0   0   0   0   0   0   0   0   0   0   0   0   0   0
28-MAR-2007     0    0   0   0   0   0   0   0   0   0   0   0   0   0   0   0   0   0   0   0   0   0   0   0   0
27-MAR-2007     1    0   0   0   0   0   0   0   0   0   0   0   0   0   0   1   0   0   0   0   0   0   0   0   0
26-MAR-2007     6    0   0   0   0   0   0   0   0   0   0   1   1   0   0   0   1   2   0   1   0   0   0   0   0
25-MAR-2007    34    7   3   5   5   0   2   8   2   1   0   0   0   1   0   0   0   0   0   0   0   0   0   0   0
24-MAR-2007    86    0   0   0   1   5  13  10   4   1   0   1   0   0   0   1   0   0   5   4  14   6   6   7   8
23-MAR-2007     5    0   0   0   0   0   0   0   0   0   0   0   0   0   0   0   1   0   1   0   1   2   0   0   0
22-MAR-2007     0    0   0   0   0   0   0   0   0   0   0   0   0   0   0   0   0   0   0   0   0   0   0   0   0
21-MAR-2007     0    0   0   0   0   0   0   0   0   0   0   0   0   0   0   0   0   0   0   0   0   0   0   0   0
20-MAR-2007    10    2   0   0   0   1   2   3   0   0   0   0   0   1   1   0   0   0   0   0   0   0   0   0   0
19-MAR-2007    31    0   0   0   0   0   0   0   0   0   0   0   0   0   2   4   5   5   7   3   1   0   3   0   1
18-MAR-2007     0    0   0   0   0   0   0   0   0   0   0   0   0   0   0   0   0   0   0   0   0   0   0   0   0
17-MAR-2007     0    0   0   0   0   0   0   0   0   0   0   0   0   0   0   0   0   0   0   0   0   0   0   0   0
16-MAR-2007     0    0   0   0   0   0   0   0   0   0   0   0   0   0   0   0   0   0   0   0   0   0   0   0   0
15-MAR-2007     0    0   0   0   0   0   0   0   0   0   0   0   0   0   0   0   0   0   0   0   0   0   0   0   0
14-MAR-2007     0    0   0   0   0   0   0   0   0   0   0   0   0   0   0   0   0   0   0   0   0   0   0   0   0
13-MAR-2007     1    0   0   0   0   0   0   0   0   0   0   0   0   1   0   0   0   0   0   0   0   0   0   0   0
12-MAR-2007    19    0   0   0   8   4   5   0   1   0   0   0   1   0   0   0   0   0   0   0   0   0   0   0   0
11-MAR-2007     1    1   0   0   0   0   0   0   0   0   0   0   0   0   0   0   0   0   0   0   0   0   0   0   0
10-MAR-2007     7    1   1   1   0   0   0   0   0   0   0   0   0   1   1   1   0   0   0   0   0   0   1   0   0
09-MAR-2007     9    0   0   0   0   0   0   0   0   0   2   4   0   0   0   0   0   0   0   0   1   0   1   0   1
08-MAR-2007     0    0   0   0   0   0   0   0   0   0   0   0   0   0   0   0   0   0   0   0   0   0   0   0   0
07-MAR-2007    25    0   0   0   0   2   6   4   0   6   3   1   0   0   0   3   0   0   0   0   0   0   0   0   0
06-MAR-2007     0    0   0   0   0   0   0   0   0   0   0   0   0   0   0   0   0   0   0   0   0   0   0   0   0
05-MAR-2007     0    0   0   0   0   0   0   0   0   0   0   0   0   0   0   0   0   0   0   0   0   0   0   0   0
04-MAR-2007     0    0   0   0   0   0   0   0   0   0   0   0   0   0   0   0   0   0   0   0   0   0   0   0   0
03-MAR-2007    13    0   6   3   0   1   1   1   1   0   0   0   0   0   0   0   0   0   0   0   0   0   0   0   0
02-MAR-2007   125    0   0   0   0   0   1   6   8   9   6   5   8   4   6   8  10  11  10   8   6   6   8   3   2
01-MAR-2007     7    0   0   0   0   0   0   0   0   0   0   0   0   0   0   1   0   2   2   1   1   0   0   0   0
28-FEB-2007    16    0   0   0   0   1   9   2   3   1   0   0   0   0   0   0   0   0   0   0   0   0   0   0   0
27-FEB-2007    44    0   0   0   0   0   0   0   2  10  11   3   4   2   5   6   0   0   0   1   0   0   0   0   0
26-FEB-2007    20    0   2   2   0   3   1   0   0   0   0   0   1   1   0   0   0   0   0   0   9   0   1   0   0
25-FEB-2007    51    0   0   1   3   3   3   3   3   6   4   5   2   0   0   0   0   0  10   0   4   1   3   0   0
24-FEB-2007    79    3   2   0   2   6   6   4   4   6  11   8   9  11   1   2   0   0   0   0   0   2   0   0   2
23-FEB-2007     5    3   0   0   0   1   0   0   0   0   0   0   0   0   0   0   0   0   0   0   0   0   0   1   0
22-FEB-2007    10    1   0   1   1   0   0   0   0   1   0   0   1   0   0   0   5   0   0   0   0   0   0   0   0
21-FEB-2007    21    0   0   0   0   0   0   0   0   0   0   0   0   0   0   0   0   0   0   0   3   2   3   5   8
20-FEB-2007    66    2   2   3   5   6  22  12   7   0   0   2   2   1   0   0   0   1   0   0   0   0   0   1   0
19-FEB-2007    15    0   0   0   0   0   1   1   0   0   0   0   0   0   0   2   2   0   1   0   3   4   0   0   1
18-FEB-2007     1    0   0   0   0   0   0   0   0   0   0   0   0   0   0   0   0   0   1   0   0   0   0   0   0
17-FEB-2007     2    0   0   0   0   0   0   0   0   0   0   0   0   0   0   0   0   0   0   0   0   0   0   2   0
16-FEB-2007    25    0   1   4   5   2   2   0   0   1   4   2   3   1   0   0   0   0   0   0   0   0   0   0   0
15-FEB-2007    38    1   0   1   0   0   0   1   5   3   3   1   3   5   4   3   2   5   1   0   0   0   0   0   0
14-FEB-2007    26    0   0   0   0   0   0   0   0   0   0   0   0   7  12   4   1   2   0   0   0   0   0   0   0
13-FEB-2007     2    0   0   0   0   1   0   0   0   1   0   0   0   0   0   0   0   0   0   0   0   0   0   0   0
12-FEB-2007     2    0   0   1   0   0   0   0   1   0   0   0   0   0   0   0   0   0   0   0   0   0   0   0   0
11-FEB-2007    23    7   3   3   0   0   0   0   0   0   0   0   0   0   1   2   2   0   1   3   0   0   0   1   0
10-FEB-2007    22    0   0   0   0   0   0   0   0   0   0   0   0   0   0   1   9   0   1   1   2   0   0   5   3
09-FEB-2007    29    2   7   8   9   1   2   0   0   0   0   0   0   0   0   0   0   0   0   0   0   0   0   0   0
08-FEB-2007     3    0   0   0   0   1   1   1   0   0   0   0   0   0   0   0   0   0   0   0   0   0   0   0   0
07-FEB-2007    10    0   0   0   0   0   0   0   0   0   0   0   0   0   0   0   0   0   1   1   2   5   1   0   0
06-FEB-2007     0    0   0   0   0   0   0   0   0   0   0   0   0   0   0   0   0   0   0   0   0   0   0   0   0
05-FEB-2007     0    0   0   0   0   0   0   0   0   0   0   0   0   0   0   0   0   0   0   0   0   0   0   0   0
04-FEB-2007     1    0   0   1   0   0   0   0   0   0   0   0   0   0   0   0   0   0   0   0   0   0   0   0   0
03-FEB-2007    12    0   0   0   0   0   0   0   0   0   0   0   0   4   5   3   0   0   0   0   0   0   0   0   0
02-FEB-2007     0    0   0   0   0   0   0   0   0   0   0   0   0   0   0   0   0   0   0   0   0   0   0   0   0
01-FEB-2007     0    0   0   0   0   0   0   0   0   0   0   0   0   0   0   0   0   0   0   0   0   0   0   0   0
31-JAN-2007     0    0   0   0   0   0   0   0   0   0   0   0   0   0   0   0   0   0   0   0   0   0   0   0   0
30-JAN-2007     0    0   0   0   0   0   0   0   0   0   0   0   0   0   0   0   0   0   0   0   0   0   0   0   0
29-JAN-2007     0    0   0   0   0   0   0   0   0   0   0   0   0   0   0   0   0   0   0   0   0   0   0   0   0
28-JAN-2007     0    0   0   0   0   0   0   0   0   0   0   0   0   0   0   0   0   0   0   0   0   0   0   0   0
27-JAN-2007     0    0   0   0   0   0   0   0   0   0   0   0   0   0   0   0   0   0   0   0   0   0   0   0   0
26-JAN-2007     0    0   0   0   0   0   0   0   0   0   0   0   0   0   0   0   0   0   0   0   0   0   0   0   0
25-JAN-2007     0    0   0   0   0   0   0   0   0   0   0   0   0   0   0   0   0   0   0   0   0   0   0   0   0
24-JAN-2007     0    0   0   0   0   0   0   0   0   0   0   0   0   0   0   0   0   0   0   0   0   0   0   0   0
23-JAN-2007     0    0   0   0   0   0   0   0   0   0   0   0   0   0   0   0   0   0   0   0   0   0   0   0   0
22-JAN-2007     0    0   0   0   0   0   0   0   0   0   0   0   0   0   0   0   0   0   0   0   0   0   0   0   0
21-JAN-2007     0    0   0   0   0   0   0   0   0   0   0   0   0   0   0   0   0   0   0   0   0   0   0   0   0
20-JAN-2007     2    0   0   0   1   0   0   0   0   0   0   0   0   0   0   1   0   0   0   0   0   0   0   0   0
19-JAN-2007    15    0   0   0   0   0   0   0   1   2   3   2   1   0   0   0   0   0   2   1   0   0   1   2   0
18-JAN-2007     0    0   0   0   0   0   0   0   0   0   0   0   0   0   0   0   0   0   0   0   0   0   0   0   0
17-JAN-2007    28    0   0   0   0   0   0   0   0   0   0   0   0   5  15   7   1   0   0   0   0   0   0   0   0
16-JAN-2007     0    0   0   0   0   0   0   0   0   0   0   0   0   0   0   0   0   0   0   0   0   0   0   0   0
15-JAN-2007     0    0   0   0   0   0   0   0   0   0   0   0   0   0   0   0   0   0   0   0   0   0   0   0   0
14-JAN-2007     0    0   0   0   0   0   0   0   0   0   0   0   0   0   0   0   0   0   0   0   0   0   0   0   0
13-JAN-2007     0    0   0   0   0   0   0   0   0   0   0   0   0   0   0   0   0   0   0   0   0   0   0   0   0
12-JAN-2007     0    0   0   0   0   0   0   0   0   0   0   0   0   0   0   0   0   0   0   0   0   0   0   0   0
11-JAN-2007     1    0   0   0   0   0   0   0   1   0   0   0   0   0   0   0   0   0   0   0   0   0   0   0   0
10-JAN-2007     1    0   0   0   0   0   1   0   0   0   0   0   0   0   0   0   0   0   0   0   0   0   0   0   0
09-JAN-2007    17    0   0   0   0   0   0   0   0   0   0   0   0   0   0   0   0   0  13   2   0   0   2   0   0
08-JAN-2007     2    0   0   0   0   0   0   0   0   0   0   0   1   1   0   0   0   0   0   0   0   0   0   0   0
07-JAN-2007    35    0   0   0   1   2   0   0   1   0   0  15  11   1   1   0   2   0   1   0   0   0   0   0   0
06-JAN-2007    22   11   7   0   0   3   0   0   1   0   0   0   0   0   0   0   0   0   0   0   0   0   0   0   0
05-JAN-2007    34    0   0   0   0   0   0   0   0   0   0   0   0   0   0   0   0   0   0   2   2   7   9  13   1
04-JAN-2007    26    0   0   1   0   3   9   0   4   5   3   0   0   1   0   0   0   0   0   0   0   0   0   0   0
03-JAN-2007    59    6   9  10   6   5  11   3   2   0   0   7   0   0   0   0   0   0   0   0   0   0   0   0   0
02-JAN-2007   102    0   0   0   0   0   0   0   0   0   0   0   0   9   5  16  11  18   7   8   8   5   4   5   6
01-JAN-2007    16    0   0   0   0   0   0   0   0   0   0   5   9   2   0   0   0   0   0   0   0   0   0   0   0